# Clientes que precisam ser corrigidos
# Gerado em: 2025-10-28 15:02:27.316717
# Total: 244 clientes

4303
4373
13859
21624
26333
28081
28237
28405
28814
31016
31740
33125
35292
36163
36806
37100
37130
37150
37185
37227
37231
37232
37234
37235
37236
37237
37238
37239
37240
37241
37244
37246
37247
37248
37249
37250
37251
37252
37253
37254
37256
37258
37259
37260
37262
37263
37265
37266
37270
37271
37272
37273
37276
37277
37278
37279
37280
37281
37283
37284
37289
37290
37291
37292
37293
37295
37296
37299
37300
37301
37302
37303
37304
37306
37307
37309
37310
37311
37312
37316
37318
37319
37320
37322
37323
37324
37325
37326
37328
37329
37330
37332
37333
37334
37336
37337
37338
37339
37340
37341
37342
37343
37344
37345
37346
37347
37348
37349
37350
37351
37352
37353
37355
37357
37358
37359
37361
37362
37363
37364
37365
37367
37369
37370
37371
37373
37374
37376
37377
37378
37379
37380
37381
37382
37383
37386
37387
37388
37389
37390
37391
37392
37393
37394
37398
37400
37403
37404
37405
37407
37408
37409
37410
37412
37414
37415
37418
37421
37424
37428
37430
37432
37433
37434
37435
37437
37438
37439
37440
37442
37444
37445
37446
37447
37449
37450
37451
37452
37453
37454
37455
37457
37458
37459
37460
37461
37462
37463
37464
37465
37467
37468
37469
37470
37472
37473
37474
37478
37479
37480
37481
37483
37486
37487
37488
37492
37493
37494
37495
37498
37499
37500
37501
37502
37503
37505
37506
37507
37508
37509
37510
37511
37513
37514
37517
37518
37519
37521
37523
37524
37526
37528
37529
37530
37531
37533
37534
37535
37536
37537
37538
37540
37543
37544
